3.0708672357872864	-0.9703656436406956	1.0
3.0190414904347933	-2.453624491363156	1.0
2.983313603664972	2.346301968094198	1.0
2.954235875173066	0.8630431203719651	1.0
2.929060844484359	-0.6202157273502676	1.0
2.906531069220289	-2.1034745750725006	1.0
2.88594608707407	2.696451884384853	1.0
2.8668682557556613	1.2131930366626205	1.0
2.849002493824468	-0.2700658110598398	1.0
2.8321386866233658	-1.7533246587823	1.0
2.8161209440839463	3.0466018006750537	1.0
2.800829831682	1.5633429529528209	1.0
2.7861714518995697	0.08008410523058815	1.0
2.772070400897075	-1.4031747424916448	1.0
2.7584650413712946	-2.8864335902138776	0.9999999999999999
2.7453042236555754	1.9134928692434763	1.0
2.7325449471402963	0.43023402152124346	1.0
2.7201506520722303	-1.0530248262009894	1.0
2.7080899457373198	-2.536283673923222	1.0
2.6963356352149765	2.2636427855336767	1.0
2.684863981089765	0.7803839378114439	1.0
2.6736541134022582	-0.7028749099107888	1.0
2.662687568714983	-2.1861337576330215	1.0
2.651947918947576	2.613792701824332	0.9999999999999999
2.641420470684818	1.1305338541020993	0.9999999999999999
2.631092019265923	-0.35272499362013354	1.0
2.6209506459322207	-1.8359838413423664	1.0
2.6109855491642144	2.9639426181149875	1.0
2.6011869034200457	1.4806837703927545	1.0
2.591545740024655	-0.002575077329933	1.0
2.582053846107949	-1.4858339250521657	1.0
2.5727036783586574	-2.9690927727743985	1.0
2.5634882890234496	1.830833686682955	1.0
2.554401262091798	0.34757483896072233	1.0
2.545436658004243	-1.1356840087615105	1.0
2.536588965533093	-2.618942856483743	0.9999999999999999
2.527853059730525	2.1809836029736105	1.0
2.5192241650347724	0.6977247552511502	1.0
2.5106978227818306	-0.7855340924710826	1.0
2.5022698624965147	-2.2687929401933156	0.9999999999999999
2.4939363764392195	2.5311335192640385	1.0
2.48569369696836	1.0478746715418055	0.9999999999999999
2.477538376347043	-0.4353841761806547	1.0
2.469467168679091	-1.9186430239028875	0.9999999999999999
2.461477013706342	2.881283435554466	1.0
2.4535650222381693	1.3980245878322335	1.0
2.445728463016707	-0.0852342598899994	1.0
2.4379647508486553	-1.5684931076124595	1.0
2.430271435857566	-3.0517519553346926	1.0
2.422646193730016	1.7481745041226613	0.9999999999999999
2.415086816845642	0.2649156564004285	1.0
2.407591206195108	-1.2183431913220317	1.0
2.400157364002143	-2.7016020390442645	0.9999999999999999
2.3927833869761344	2.098324420413089	1.0
2.3854674601306614	0.6150655726908564	1.0
2.378207851111029	-0.8681932750316038	0.9999999999999999
2.3710029049805135	-2.3514521227538365	1.0
2.3638510394207977	2.448474336703517	1.0
2.356750740307086	0.9652154889812843	1.0
2.349700557622771	-0.5180433587409484	0.9999999999999999
2.342699101682343	-2.0013022064634085	1.0
2.3357450396345985	2.798624252993945	1.0
2.3288370922211326	1.3153654052717123	1.0
2.3219740307677124	-0.1678934424505205	1.0
2.3151546743883986	-1.6511522901729807	1.0
2.308377887384317	-3.1344111378952135	1.0
2.301642576820773	1.66551532156214	0.9999999999999999
2.294947690267982	0.18225647383990737	1.0
2.2882922136921127	-1.3010023738823255	1.0
2.2816751694846014	-2.784261221604672	0.9999999999999999
2.2750956146188033	2.015665237852682	0.9999999999999999
2.268552638924076	0.5324063901303354	0.9999999999999999
2.2620453634682662	-0.9508524575918976	0.9999999999999999
2.2555729390403956	-2.43411130531413	1.0
2.2491345447260516	2.3658151541432235	1.0
2.2427293865686564	0.8825563064207632	1.0
2.2363566963103576	-0.6007025413014696	1.0
2.2300157302068295	-2.0839613890237025	1.0
2.2237057679107415	2.7159650704336515	1.0
2.2174261114190874	1.2327062227114185	0.9999999999999999
2.2111760840799626	-0.2505526250110417	1.0
2.204955029654731	-1.7338114727332745	1.0
2.198762311431845	3.066114986724079	1.0
2.1925973113888766	1.5828561390018463	1.0
2.1864594293995867	0.0995972912796136	1.0
2.1803480824831034	-1.3836615564428465	1.0
2.174262704092496	-2.8669204041650795	1.0
2.1682027434402467	1.9330060552922743	1.0
2.162167664858296	0.4497472075700415	0.9999999999999999
2.156156947190515	-1.0335116401521913	0.9999999999999999
2.150170083215609	-2.516770487874538	1.0
2.144206579098609	2.283155971582702	1.0
2.138265953869218	0.7998971238604694	1.0
2.1323477389254313	-0.6833617238617633	1.0
2.12645147756093	-2.16662057158411	0.9999999999999999
2.120576724514866	2.633305887873244	1.0
2.114723045542754	1.1500470401508973	1.0
2.1088900170072513	-0.3332118075713355	0.9999999999999999
2.103077225487717	-1.816470655293682	0.9999999999999999
2.097284267407492	2.983455804163672	0.9999999999999999
2.0915107486779188	1.500196956441439	1.0
2.0857562843581845	0.01693810871909245	1.0
2.0800204983301254	-1.4663207390031403	1.0
2.0743030229871917	-2.949579586725487	1.0
2.0686034989368123	1.8503468727318668	1.0
2.062921574715458	0.36708802500963406	1.0
2.0572569065157333	-1.1161708227125988	1.0
2.051609157924875	-2.599429670435059	1.0
2.0459779996740743	2.200496789022295	1.0
2.0403631093980645	0.7172379413000619	1.0
2.0347641714044653	-0.7660209064221708	1.0
2.0291808764523833	-2.249279754144404	1.0
2.023612921539822	2.550646705312723	0.9999999999999999
2.01806000969946	1.0673878575904898	0.9999999999999999
2.012521849802387	-0.41587099013174295	1.0
2.006998156369422	-1.8991298378539758	1.0
2.001488649389641	2.900796621603378	1.0000000000000002
1.9959930541457718	1.4175377738809178	1.0
1.9905111010461365	-0.06572107384131502	0.9999999999999999
1.9850425254628303	-1.5489799215635478	1.0
1.9795870675758462	-3.0322387692857804	1.0
1.9741444722228731	1.7676876901714593	1.0
1.968714488754507	0.28442884244922656	1.0
1.963296870894627	-1.1988300052731198	0.9999999999999999
1.9578913766057051	-2.682088852995353	1.0
1.9524977679588262	2.117837606461887	0.9999999999999999
1.9471158110082103	0.6345787587396545	1.0
1.9417452756700369	-0.8486800889825783	1.0
1.9363859356053812	-2.331938936704925	1.0
1.931037568107085	2.467987522752429	1.0
1.9256999539903896	0.9847286750300823	1.0
1.920372877487169	-0.4985301726921504	1.0
1.9150561261436072	-1.9817890204144968	1.0
1.909749490721179	2.818137439042857	1.0
1.9044527651007839	1.334878591320624	0.9999999999999999
1.8991657461899103	-0.14838025640172248	1.0
1.8938882338326983	-1.6316391041239553	0.9999999999999999
1.8886200307227774	-3.114897951846245	1.0
1.8833609423187712	1.6850285076110518	1.0
1.878110776762352	0.20176965988881918	1.0
1.8728693447987446	-1.2814891878335273	1.0
1.8676364596995771	-2.76474803555576	0.9999999999999999
1.862411937187984	2.0351784239015935	1.0
1.857195595365869	0.5519195761792469	0.9999999999999999
1.8519872546432419	-0.9313392715429858	1.0
1.846786737669544	-2.414598119265332	1.0
1.8415938692668825	2.3853283401920216	1.0
1.8364084763650999	0.9020694924697318	0.9999999999999999
1.8312303879385987	-0.5811893552525578	1.0
1.826059434944861	-2.0644482029748477	1.0
1.8208954502645842	2.7354782564825064	1.0
1.8157382686433798	1.2522194087601597	0.9999999999999998
1.810587726634962	-0.23103943896207307	0.9999999999999999
1.8054436625457773	-1.7142982866844196	1.0
1.8003059163810111	3.085628172772934	1.0
1.795174329791919	1.6023693250507014	0.9999999999999998
1.7900487460244283	0.11911047732835482	1.0
1.784929009868965	-1.364148370393878	0.9999999999999999
1.7798149676114483	-2.847407218116168	1.0
1.774706466985414	1.9525192413411292	0.9999999999999999
1.7696033571252177	0.46926039361889643	0.9999999999999999
1.764505488520276	-1.0139984541033933	0.9999999999999999
1.7594127129703008	-2.497257301825683	1.0
1.7543248835414922	2.3026691576316143	0.9999999999999999
1.7492418545236452	0.8194103099093244	0.9999999999999999
1.744163481388135	-0.6638485378129653	1.0
1.739089620746747	-2.147107385535255	1.0
1.734020130311311	2.6528190739220703	1.0
1.7289548688541116	1.169560226199809	1.0
1.7238936961690376	-0.31369862152248057	0.9999999999999999
1.7188364730334416	-1.7969574692447703	1.0
1.7137830611706761	3.0029689902125267	1.0
1.708733323213281	1.5197101424902655	1.0
1.7036871226667873	0.03645129476797579	1.0
1.6986443238741142	-1.4468075529542854	1.0
1.6936047919805304	-2.930066400676575	1.0
1.6885683928991528	1.8698600587807501	0.9999999999999999
1.6835349932769574	0.3866012110584605	1.0
1.6785044604612769	-1.096657636663829	1.0
1.6734766624667612	-2.5799164843861186	0.9999999999999999
1.6684514679427767	2.2200099750712066	0.9999999999999999
1.6634287461412196	0.7367511273489168	1.0
1.6584083668847247	-0.7465077203733728	1.0
1.6533902005352423	-2.229766568095634	1.0
1.648374117962965	2.570159891361663	1.0
1.6433599905155818	1.0869010436394015	1.0
1.638347689987839	-0.396357804082888	1.0
1.633337088591388	-1.8796166518051634	0.9999999999999999
1.6283280589248974	2.920309807652133	1.0
1.6233204739444138	1.4370509599298722	0.9999999999999999
1.6183142069339476	-0.046207887792417454	0.9999999999999999
1.6133091314762678	-1.529466735514693	0.9999999999999999
1.6083051214238853	-3.0127255832369824	1.0
1.6033020508702054	1.7872008762203355	1.0
1.598299794120834	0.303942028498046	1.0
1.5932982256650148	-1.1793168192242294	0.9999999999999999
1.5882972201471839	-2.6625756669465046	1.0
1.5832966523386203	2.137350792510803	1.0
1.5782963971091766	0.6540919447885218	0.9999999999999998
1.5732963293990707	-0.8291669029337572	1.0
1.5682963241907226	-2.312425750656036	1.0
1.5632962564806168	2.4875007088012713	0.9999999999999998
1.558296001251173	1.0042418610789905	1.0
1.5532954334426095	-0.4790169866432884	1.0
1.5482944279247786	-1.9622758343655637	0.9999999999999999
1.5432928594689592	2.8376506250917473	1.0
1.5382906027195877	1.3543917773694576	1.0
1.533287532165908	-0.1288670703528107	1.0
1.5282835221135254	-1.6121259180751004	0.9999999999999999
1.5232784466558458	-3.095384765797376	0.9999999999999999
1.5182721796453795	1.7045416936599211	0.9999999999999999
1.5132645946648957	0.22128284593765987	1.0
1.5082555649984053	-1.2619760017846298	0.9999999999999999
1.5032449636019543	-2.745234849506905	1.0
1.4982326630742115	2.0546916099503916	1.0
1.4932185356268282	0.5714327622281304	1.0
1.488202453054551	-0.9118260854941593	1.0
1.4831842867050686	-2.3950849332164204	1.0
1.4781639074485737	2.4048415262408764	1.0
1.4731411856470167	0.9215826785185867	0.9999999999999999
1.468115991123032	-0.5616761692036745	0.9999999999999999
1.4630881931285165	-2.0449350169259644	1.0
1.458057660312836	2.754991442531333	1.0
1.4530242606906405	1.271732594809043	0.9999999999999999
1.447987861609263	-0.21152625291321817	1.0
1.442948329715679	-1.6947851006355077	1.0
1.4379055309230058	3.1051413588218173	1.0
1.432859330376512	1.6218825110995279	1.0
1.427809592419117	0.1386236633772666	1.0
1.4227561805563518	-1.344635184345023	1.0
1.4176989574207557	-2.8278940320673125	0.9999999999999999
1.4126377847356817	1.972032427389984	1.0
1.4075725232784821	0.4887735796677229	1.0
1.4025030328430461	-0.9944852680545383	1.0
1.397429172201658	-2.477744115776828	1.0
1.3923507990661481	2.3221823436804687	0.9999999999999999
1.387267770048301	0.8389234959581792	0.9999999999999999
1.3821799406194926	-0.6443353517641104	1.0
1.3770871650695173	-2.1275941994864	0.9999999999999999
1.3719892964645755	2.6723322599708967	0.9999999999999999
1.3668861866043793	1.189073412248664	0.9999999999999999
1.361777685978345	-0.29418543547362563	1.0
1.3566636437208281	-1.7774442831959152	0.9999999999999999
1.351543907565365	3.0224821762614384	1.0
1.3464183237978744	1.539223328539092	0.9999999999999998
1.341286737208782	0.055964480816859126	1.0
1.336148991044016	-1.4272943669053737	1.0
1.3310049269548314	-2.91055321462772	0.9999999999999999
1.3258543849464135	1.8893732448296334	0.9999999999999998
1.320697203325209	0.40611439710728703	1.0
1.3155332186449324	-1.0771444506149457	1.0
1.3103622656511946	-2.5604032983372353	1.0
1.3051841772246935	2.2395231611200614	0.9999999999999999
1.2999987843229106	0.7562643133977718	1.0
1.2948059159202494	-0.726994534324461	1.0
1.2896053989465512	-2.2102533820468073	1.0
1.2843970582239244	2.5896730774105463	0.9999999999999999
1.2791807164018094	1.1064142296881998	1.0
1.2739561938902162	-0.3768446180340331	0.9999999999999999
1.2687233087910488	-1.8601034657562658	1.0
1.2634818768274414	2.939822993700974	1.0
1.2582317112710222	1.4565641459787413	1.0
1.252972622867016	-0.02669470174354833	1.0
1.247704419757095	-1.509953549465838	0.9999999999999999
1.2424269073998828	-2.9932123971880706	1.0
1.2371398884890095	1.8067140622691693	0.9999999999999999
1.2318431628686144	0.32345521454693643	1.0
1.226536527446186	-1.1598036331752963	1.0
1.2212197761026244	-2.643062480897643	1.0
1.2158926995994035	2.156863978559711	1.0
1.2105550854827083	0.6736051308373644	1.0
1.2052067179844121	-0.8096537168848684	1.0
1.1998473779197563	-2.292912564607215	1.0
1.1944768425815828	2.5070138948501386	1.0
1.1890948856309669	1.023755047127906	0.9999999999999999
1.1837012769840882	-0.45950380059444057	1.0
1.178295782695166	-1.9427626483166733	0.9999999999999999
1.1728781648352864	2.8571638111405666	1.0
1.1674481813669202	1.3739049634183338	1.0
1.162005586013947	-0.10935388430401263	1.0
1.1565501281269628	-1.5926127320262455	1.0
1.1510815525436566	-3.0758715797484784	0.9999999999999999
1.1455995994440216	1.7240548797088755	1.0
1.1401040042001522	0.2407960319864153	1.0000000000000002
1.134594497220371	-1.2424628157358175	1.0
1.1290708037874062	-2.7257216634580503	1.0
1.1235326438903332	2.0742047959993033	0.9999999999999999
1.117979732049971	0.5909459482770706	0.9999999999999999
1.1124117771374102	-0.8923128994453896	1.0
1.106828482185328	-2.3755717471676223	1.0
1.1012295441917286	2.4243547122897313	1.0
1.095614653915719	0.9410958645674985	1.0
1.0899834956649181	-0.5421629831547343	1.0
1.0843357470740598	-2.0254218308771943	1.0
1.0786710788743352	2.7745046285801593	1.0
1.072989154652981	1.2912457808579265	1.0
1.0672896306026016	-0.1920130668643064	1.0
1.0615721552596677	-1.6752719145866528	1.0
1.0558363692316086	3.1246545448707006	1.0
1.0500819049118744	1.6413956971483543	1.0
1.0443083861823013	0.15813684942612152	0.9999999999999999
1.0385154281020763	-1.3251219982961113	0.9999999999999999
1.0327026365825418	-2.8083808460184576	0.9999999999999999
1.026869608047039	1.991545613438896	1.0
1.021015929074927	0.5082867657165494	1.0
1.0151411760288636	-0.9749720820056834	0.9999999999999999
1.009244914664362	-2.45823092972803	1.0
1.0033266997205754	2.3416955297293236	1.0
0.9973860744911842	0.858436682007091	1.0
0.9914225703741839	-0.6248221657152554	1.0
0.9854357063992782	-2.108081013437602	0.9999999999999999
0.979424988731497	2.6918454460197516	0.9999999999999999
0.9733899101495465	1.2085865982975188	1.0
0.9673299494972971	-0.2746722494247139	1.0
0.9612445711066897	-1.7579310971469466	1.0
0.9551332241902064	3.0419953623101796	1.0
0.9489953422009169	1.5587365145879468	1.0
0.9428303421579484	0.07547766686571405	1.0
0.9366376239350623	-1.4077811808565188	1.0
0.9304165695098308	-2.8910400285787516	1.0
0.9241665421707057	1.9088864308783746	0.9999999999999999
0.9178868856790515	0.4256275831561419	1.0
0.9115769233829636	-1.0576312645660908	1.0
0.9052359572794357	-2.5408901122883236	1.0
0.898863267021137	2.25903634716903	1.0
0.8924581088637418	0.7757774994465698	1.0
0.8860197145493979	-0.707481348275663	1.0
0.8795472901215269	-2.1907401959978956	0.9999999999999999
0.8730400146657172	2.609186263459458	0.9999999999999999
0.8664970389709898	1.1259274157371115	0.9999999999999999
0.8599174841051918	-0.35733143198512135	0.9999999999999999
0.8533004398976805	-1.8405902797074678	1.0
0.8466449633218115	2.959336179749886	1.0
0.8399500767690201	1.476077332027653	0.9999999999999999
0.8332147662054764	-0.007181515694579725	1.0
0.8264379792013948	-1.4904403634168126	1.0
0.8196186228220808	-2.9736992111392726	1.0
0.8127555613686607	1.826227248318081	1.0
0.805847613955195	0.3429684005958482	1.0
0.7988935519074503	-1.1402904471263846	1.0
0.7918920959670221	-2.6235492948488446	0.9999999999999999
0.7848419132827071	2.176377164608509	1.0
0.7777416141689958	0.6931183168862761	1.0
0.77058974860928	-0.7901405308359568	1.0
0.7633848024787642	-2.2733993785581896	0.9999999999999999
0.7561251934591318	2.5265270808989366	1.0
0.7488092666136588	1.043268233176704	1.0
0.7414352895876501	-0.4399906145455288	0.9999999999999999
0.7340014473946851	-1.9232494622677616	1.0
0.7265058367441513	2.8766769971893646	1.0
0.7189464598597775	1.3934181494671318	0.9999999999999999
0.7113212177322273	-0.08984069825510087	1.0
0.7036279027411377	-1.5730995459773336	1.0
0.6958641905730861	-3.056358393699794	1.0
0.6880276313516238	1.7435680657575598	1.0
0.680115639883451	0.2603092180353271	1.0
0.6721254849107023	-1.2229496296869058	0.9999999999999999
0.6640542772427502	-2.7062084774091386	1.0
0.6558989566214335	2.0937179820479876	0.9999999999999999
0.647656277150574	0.6104591343257549	1.0
0.6393227910932787	-0.8727997133964779	0.9999999999999999
0.6308948308079625	-2.3560585611187106	1.0
0.6223684885550206	2.443867898338643	1.0
0.6137395938592684	0.960609050616183	1.0
0.6050036880567001	-0.5226497971060499	0.9999999999999999
0.59615599558555	-2.0059086448282826	1.0
0.5871913914979953	2.794017814629071	1.0
0.5781043645663436	1.3107589669068382	1.0
0.5688889752311358	-0.17249988081539464	1.0
0.559538807481844	-1.6557587285376274	1.0
0.5500469135651386	-3.13901757625986	1.0
0.5404057501697476	1.6609088831970387	1.0
0.5306071044255789	0.1776500354748059	1.0
0.5206420076575726	-1.305608812247427	1.0
0.5105006343238706	-2.7888676599696596	1.0
0.5001721829049752	2.011058799487694	0.9999999999999999
0.4896447346422173	0.5277999517654611	0.9999999999999999
0.4789050848748103	-0.9554588959567716	1.0
0.4679385401875351	-2.4387177436790046	1.0
0.45672867250002813	2.3612087157783495	1.0
0.44525701837481657	0.8779498680561164	1.0
0.4335027078524735	-0.605308979666571	1.0
0.4214420015175629	-2.088567827388804	1.0
0.40904770644949706	2.7113586320685497	1.0
0.3962884299342177	1.228099784346317	1.0
0.38312761221849867	-0.25515906337591576	0.9999999999999999
0.36952225269271854	-1.7384179110981486	1.0
0.3554212016902235	3.061508548359205	1.0
0.34076282190779345	1.5782497006369722	1.0
0.325471709505847	0.0949908529147395	1.0
0.3094539669664273	-1.3882679948074934	1.0
0.2925901597653254	-2.8715268425299536	1.0
0.274724397834132	1.9283996169271729	1.0
0.25564656651572326	0.44514076920494006	1.0
0.2350615843695043	-1.0381180785172928	1.0
0.2125318091054341	-2.5213769262395256	1.0
0.18735677841672702	2.278549533217828	1.0
0.1582790499248209	0.7952906854955953	1.0
0.12255116315500007	-0.6879681622266375	1.0
0.07072541780250705	-2.1712270099490976	1.0
